-0.4453175350
-0.4155822784
-0.3077964093
0.4631293054
0.0866617891
0.4575488910
-0.2479248723
-0.1810302519
-0.0284601024
-0.0777348575
0.3406816379
-0.1073877244
-0.1817376209
0.4019973538
-0.4932736574
0.2469932007
0.1436942983
0.4611720134
0.2117553307
-0.1047265566
-0.2870612188
0.4276106884
-0.3038052524
-0.4049639493
-0.0113696839
-0.3661166121
-0.2672339653
0.1235858105
-0.1116690620
-0.0413895523
0.2586915498
-0.2890318445
-0.0324406100
-0.3249294842
0.2178881688
-0.3422676113
-0.3155585196
