-0.3078199614
-0.3441957422
-0.3770305376
0.4031949916
0.1071506535
0.3809100341
0.2610161711
-0.3742065462
0.3323596010
0.4421275125
0.6517077801
0.4646387480
-0.3423113022
0.3449308150
-0.2145632983
-0.2844438372
-0.0255502438
-0.2414161467
0.3376809686
-0.0584790759
0.1931314337
-0.4893308728
0.4920063445
-0.3101961324
0.3730526389
0.2976831870
-0.4332428671
-0.3806418198
0.4670010474
-0.4695239034
-0.4178428643
-0.4519700625
0.2812271396
-0.3711633601
-0.2584672865
-0.3867580173
0.0200608243
