-0.4083016159
-0.2685543622
0.1582791259
-0.3818298289
-0.3140272978
-0.3213468883
0.2022065164
-0.1884225034
-0.3416445971
0.2937734232
-0.3369699710
0.2557293397
0.1980395697
-0.4195980070
-0.2132179769
-0.2884556106
-0.0385304014
-0.1395899465
0.0049784609
-0.3907655638
-0.4095991610
0.2426317775
-0.1352141735
-0.1343411330
-0.0728043065
0.1094203258
0.3161952847
-0.4206480747
-0.1834429579
-0.4696870771
0.1412262512
0.3757826191
0.2411798900
0.0927366454
0.3900792814
0.1669495149
0.2700681539
