-1.5730488616
-0.3192871378
-0.3294431050
-0.4119950172
-2.1860926100
-0.2004005650
-0.4650350947
-0.4034619450
-0.7975997087
0.1068474832
-0.3440924724
0.1590358714
-0.4965026116
0.2457647498
-0.1024119692
-0.4582398216
0.2460711420
0.2471212723
0.0474892753
-0.3114345018
-0.2713481727
-0.1135755620
0.3812758561
0.3275479138
-0.2633656170
0.3915625025
-0.3557556298
-0.3294042146
-0.2865221781
0.3740193422
-0.1254164141
0.2877267384
-0.3641041800
0.0814600941
0.4061243286
-0.3496554815
-0.2827966701
