-0.4477474810
-0.1117687861
0.0419393650
0.1136176529
0.4973582341
0.1428299732
0.2196370197
-0.0569731245
-0.4168254457
-0.3125362573
-0.0272751897
-0.1998945878
-0.2684555672
0.0208708305
-0.0432885083
0.2852342428
-0.2289695179
0.1633435568
0.1226758741
0.3884601926
-0.0152099713
-0.0530997523
-0.0479628752
-0.3840635573
0.4504684666
0.1447916241
0.0567476412
-0.3506632226
-0.3375384586
-0.2322194009
0.4752233043
0.3199088112
-0.2324819040
-0.2897366708
0.0140007893
-0.4249885249
-0.1226319180
