-3.3616581792
-0.3265405712
-0.8258435209
1.5889365734
0.8122566308
0.0585472977
-0.1486341990
1.0193336454
-0.7646890771
-0.1288593781
0.2530193353
0.1741598373
-0.1660599676
-0.5084162629
-0.2052478125
0.1744050023
0.2310875972
0.8593488251
-0.0314068115
0.5102819209
0.0815740959
-0.3440327752
-0.3562669077
-0.4424006526
-0.1965236458
-0.3320166101
0.4962734428
-0.0022715188
0.0643544760
0.1898480128
-0.3094815419
-1.7030964193
-0.0441987265
0.4303279882
0.1931042655
0.1256656054
-0.4685855208
