0.1950771227
-0.2246754234
0.4906642642
-0.3228278016
-0.4269950456
-0.0872921538
0.1893961063
-0.3478065637
-0.4631265922
-0.0681850989
-0.1875443149
0.3124781530
0.0637486530
-0.0508656380
0.0769539609
-0.4874545561
0.2344204329
0.3694787786
-0.4112756303
-0.0353450236
0.3412680566
-1.0572331162
-0.0375847039
-0.1034708819
-0.0066704893
0.0139529020
0.0558632452
-0.0448893735
-0.0776348882
-0.2213156398
0.3357394154
-2.1162000609
1.4954426966
-0.3618023358
1.1469772434
-0.4580820254
-0.2402172425
