0.4281947040
0.4091081544
0.9024210982
0.2866755666
-1.6830105517
0.6157131856
0.3867829090
-0.3507725646
-0.3275156912
-0.4625178053
0.1671378557
-0.8751833000
-0.2044623069
-0.4377284671
0.4845517458
-0.1229287434
0.2519179789
1.4790894417
-0.1696509235
0.1565637657
-0.4991342510
-0.8737684409
-1.8393945391
0.4135669062
-0.0659312429
-1.1091441415
-0.3774605404
-0.4158638055
-0.9750736916
0.1461820259
-0.3229243673
0.2537805667
0.0128811950
-0.4897233537
2.8254689851
0.2361797745
-0.2561437862
