0.4549427680
0.0277358229
-0.5719073067
0.4954473282
0.3006594399
-0.0305616853
-0.0775783990
-0.4886684746
0.0881502441
-0.3963325153
0.2057728429
-0.2495273229
-1.1333178218
0.2324615244
0.1716810988
-2.5103092654
-0.4615407662
0.0402916505
0.1779926306
-0.3334329658
0.0474454166
-0.4973528670
-0.0830661775
-0.3001201080
-0.2385451062
-0.4949797812
-0.2151946030
0.1268008037
-0.4742534837
-0.2553693414
0.0494096806
0.3224703852
-0.4619622656
0.0324062350
-0.4381970883
-0.3905014466
-0.2750720308
