-1.0239509413
-0.2614932168
0.3719288560
-0.1884412371
-0.2986884111
-0.2377378128
-1.4332744394
0.3805076333
0.3997390199
-0.1051863675
1.1614323103
0.1047313077
-1.2131254684
-0.3330299222
-0.0444821763
-0.0566986775
0.8484137502
-0.1699229174
-0.4086727049
0.1830941692
0.2842832661
-0.1215131430
-0.3580187913
-1.1966012423
-0.4234418865
-0.0874896696
-0.6411984180
-0.4069814619
-0.1764676118
0.4444822597
-0.2450907961
1.0428875689
-0.3739125385
0.7904454454
0.4215036567
0.1644440854
-0.4886848306
