0.0427337860
-0.2536314065
-0.3854551870
-0.3095014039
-0.4006275990
0.1214946472
-0.1377906994
-0.3464250764
0.1406562880
-0.4664301793
0.1337507694
0.1774993689
0.0703853074
0.4131252831
-0.3646397566
0.2591677262
-0.0057500612
0.0328495803
0.4431055051
-0.1504153186
0.0607824721
-0.0012240269
0.1445117459
-0.0510035604
-0.0340042768
0.2044774311
-0.2731556143
-0.2887001378
-0.1232636946
0.0032848041
0.3699103959
-0.4827292555
-0.2788084055
0.1221440526
-0.4660895532
-0.2177360072
0.0147716290
