0.1681805581
-0.4216644191
0.2655213441
-0.4533573969
-0.4226431322
-0.2284861815
0.2802464750
-0.2439945550
0.0550469568
-0.2047013910
-0.0814532741
0.3122222051
-0.1168661086
-0.0972107725
-0.2489615964
0.4340922054
-0.4426162915
0.1934215918
0.3142724505
-1.0680396935
-0.0250316891
-0.3807505800
0.4470483585
-0.2934304866
-0.0906924583
0.1375629554
-0.2426589290
-0.0708063013
-0.3634256968
-0.3313198051
-0.2519076122
-0.2051438334
0.3888918640
-0.0863965302
1.0108662952
-0.4309698359
-0.0381994781
