-1.1211403886
-0.1525803724
0.2954058311
1.4548307782
-0.4750171899
0.3273913509
-0.2646445028
-0.2072403040
0.1820385907
-0.1837585048
0.3254996614
0.2446334940
-1.9985270868
0.4535060945
0.1404096001
-0.5117399486
-1.6995153647
-0.9606179792
-0.2630743849
-0.4352933839
-0.0939051264
0.3566890800
0.3948062387
-1.1585167211
-0.5656174471
0.0145445441
-0.3267427224
-0.1392502771
0.1064897661
-0.0021944723
-0.1098360277
-1.1087651319
0.4525003430
-0.1807587640
0.1382467874
0.2605354213
-0.1888310138
