0.3522092927
-2.8294210296
-2.0205971416
-1.0866462532
0.8653193628
2.2885826204
0.1350886661
0.5781790747
-0.7786637357
-0.2068253162
3.2218388753
-0.3151551587
-0.1583399784
-1.1913774022
-0.8191239669
-0.5796940047
0.0725251620
-0.2862801071
0.4935194755
1.9084078194
-0.2994223445
-0.9500429399
-0.2907440551
0.2577761968
0.6301856765
-0.4882347877
-0.3655528752
0.1539530909
-0.9492614967
-0.4396538227
2.5372304531
2.6775376851
-2.5280734176
-1.1665382336
-0.3385015545
-0.7150606531
-0.3670723491
