-0.4498914223
-0.2216758391
0.4270977068
0.3457218950
-0.1457483871
-0.4874986121
-2.9300550079
-0.3834838507
0.3538488979
-0.2970377433
-0.1151084733
0.2003976127
-0.2725181286
0.2768070535
-0.0988762671
0.2773592327
-0.3876030744
0.2375868278
-0.3953603825
-0.6211383391
-0.1689799570
-0.1370231882
0.3407655695
-0.4155767726
-1.2553553444
0.4918811046
-0.4115598958
-0.1600965788
-0.6825397430
0.2798968073
0.2820522764
0.1583595239
0.2332707634
0.0172245196
-1.2613725490
-0.2164599193
-0.3805333458
