-0.4639516066
-1.6966507806
0.1567371368
-0.4139084851
0.8074534160
-0.3660201529
0.3726238487
-0.7603366397
-0.6283643985
-0.3047214125
-0.3345207445
-0.2855170953
0.0697515743
-0.4029594510
0.0292085083
0.0798500116
-0.4466771861
0.2560925891
-0.2032757748
-0.4887200396
0.0103073848
0.1555153090
-0.4251529623
-0.3058627400
0.2694739291
-0.0334561821
0.4963874567
-0.1438640637
0.1340935102
-0.2468977460
-0.2723422357
-0.3284556027
-0.0338165064
-0.2179650384
-0.5883499340
-0.0596191654
-0.3235663305
