0.3123596088
-0.2903325012
-0.2682855906
-0.2318691294
0.4815396784
0.3598200866
-0.1616480506
-0.1604571731
-0.0767676249
-0.0093967500
-0.3045276297
-0.4363592550
-0.4364426094
0.2223563388
-0.3573280779
0.0962383141
-0.3787814935
0.1826086006
-0.3259052843
-0.1705538018
-0.1268146831
-0.3543853326
-0.4373481275
0.0277851338
-0.2046569783
-0.2944382905
-0.4256133251
0.2131838759
0.3942853592
-0.1969021308
-0.1463848330
-0.3183965631
-0.2285719793
-0.9665999764
0.4271449447
-0.0814630019
-0.4586165160
