-0.0164870549
0.3833232182
0.0566563354
0.0124297662
0.2492842379
0.2828642222
0.0100999733
-0.4517265749
-0.4412475821
0.3783982747
0.3058104315
-0.1873813435
0.4505206433
-0.1975296029
-0.0527633444
0.1786626102
-0.1656656777
0.2849786234
0.0591690921
0.2676005147
-0.1824299021
-0.1978686430
-0.1039329987
-0.0683861307
0.2710216820
0.4189911323
-0.1274125759
-0.3190239340
-0.1580912756
-0.0753546972
-0.4418076064
0.4198586392
0.2597169938
-0.1955714238
-0.4069398949
-0.4874996589
-0.4494870111
