0.6820948780
0.5961965100
-0.2163927474
0.0663348781
0.4239882635
-1.0782801295
-0.3804413594
-0.0774200455
0.2693144602
0.2564142856
-0.2043421736
0.0227695606
0.3353949399
0.7010930184
0.4872730899
-0.1575155056
-0.5166609448
0.1310988250
0.3101198178
0.0252626724
-0.1331943838
-0.1392613866
-0.0201785381
0.2795577526
0.0565184885
-0.3849166286
-0.3284591918
0.4476258373
0.2365639526
-0.3073663592
-0.0480196719
1.3097536395
-1.1410969073
-0.6601962835
-0.2190887022
-0.3634719485
-0.0409357547
