-0.0905954156
-0.4346741382
0.0582701911
0.2398177176
-0.1732447834
-0.2213989378
-1.8815809898
-0.4444954347
0.3262264797
0.1813618737
0.0543277192
-0.2251124604
0.3069330525
-0.2623732710
-0.1054853736
-0.4143283747
0.4151569352
1.0444976164
-0.0063187891
-0.1302120124
-0.2483971305
-0.3648685394
0.4786055069
-0.2882307875
-0.4426812104
-0.2137191803
-0.3351353005
-0.2450023209
0.2241719599
-0.0234622888
0.2162213851
-0.0443045231
0.3634037210
0.0922654722
-0.4395753995
-0.4536106243
-0.4851132551
