-0.4359859774
0.1860068543
0.2688113846
-0.4214659540
-0.3571955227
0.1292306418
0.7993564295
-0.5932156600
-0.1218893016
0.1881058719
0.4153759526
-1.3581641765
-0.3774587312
-0.4514322109
-0.4840131697
-0.0059450824
0.3472396329
-1.7300225067
-0.0338985117
-0.0665114433
-0.4915519838
0.1892572108
0.0159688482
-0.0781186810
-0.3920222895
0.0101688347
0.3283119388
-0.3682097701
-0.1410398826
-0.2613512014
-0.1985270590
-0.9801836250
-0.8018432481
0.5861793822
0.6212804240
-0.1168955298
-0.3032889693
