-0.2504561331
-0.1766204247
0.2216909830
-0.2322839921
-0.2049876716
-0.0501184084
-0.2189321526
-0.3627839479
0.2155217738
-0.3099098857
0.4920405451
-0.3104195551
-0.3190915127
-0.0559808314
0.4403744319
-0.0983396914
0.2041852215
-0.0972489268
0.2281333105
0.0672786874
-0.4207270716
-0.2169403507
-0.0255105004
0.4831686502
0.0460318697
0.0561673901
-0.4404498153
-0.1229332715
0.4716005384
0.1393924395
-0.1641006875
-0.0287951842
1.1061292056
-0.8235342682
2.5537663816
-0.3598690293
-0.4863112707
