0.3189643255
0.2692196089
-0.0933308170
-0.0187390321
0.3297553204
0.2194904667
-0.3399417261
0.0368206731
0.0959102419
-0.5564833086
-2.2812662327
1.0839260645
0.4278353110
-0.3399369894
0.3634546524
-0.1999148423
2.3466594954
-0.8074748389
-0.0878298510
-0.3255215246
-0.2326062133
-0.3207431122
-0.4022707363
-0.7655739052
0.6275350840
-0.3688358134
-0.4212930161
-0.6918228350
-2.0985755617
3.2487416752
-0.1564487881
-0.4908035113
0.0753421072
0.2308943883
-0.0614108175
-0.2296097490
-0.4246573881
